$ 1 0.000005 10.20027730826997 50 5 50 5e-11
g 128 528 128 560 0 0
v 128 528 288 528 0 0 40 10 0 0 0.5
r 416 688 464 688 0 18000000
r 464 688 512 688 0 1800000
r 512 688 576 688 0 180000
r 576 688 624 688 0 15000
r 624 688 672 688 0 5000
g 752 688 752 720 0 0
s 416 688 416 576 0 1 false
s 464 688 464 576 0 1 false
s 512 688 512 576 0 1 false
s 576 688 576 576 0 0 false
370 672 688 752 688 3 0 0
r 416 528 576 528 0 20000
w 416 528 416 576 0
r 416 528 288 528 0 20000
w 576 528 752 528 0
w 416 576 464 576 0
w 464 576 512 576 0
w 512 576 576 576 0
w 752 528 752 688 0
