$ 1 0.000005 10.20027730826997 50 5 50 5e-11
v 64 320 64 80 0 0 40 5 0 0 0.5
r 160 80 160 160 0 10000
r 160 160 160 320 0 8060
r 256 80 256 192 0 10000
r 256 192 256 320 0 6530
r 544 80 544 160 0 680
162 544 160 544 240 2 old-default-led 1 0 0 0.02
g 544 320 544 352 0 0
w 544 240 464 240 0
w 464 240 464 176 0
a 336 176 464 176 8 5 -15 1000000 2.231450719822813 1.9751966122202058 100000
w 64 320 160 320 0
w 160 320 256 320 0
w 256 320 544 320 0
w 64 80 160 80 0
w 160 80 256 80 0
w 256 80 544 80 0
w 336 192 256 192 0
w 336 160 160 160 0
